          Item0     Item1     Item2     Item3     Item4     Item5     Item6  \
User0  0.069167  0.784167       NaN       NaN  0.721500  0.701167       NaN   
User1  0.635167  0.973500  0.224000  0.732833  0.362833  0.913833  0.494167   
User2       NaN  0.255000  0.342333  0.711167  0.620000  0.895500       NaN   
User3       NaN       NaN  0.425500  0.968500  0.476000       NaN  0.692667   
User4  0.790833       NaN  0.915167       NaN  0.558500  0.812667  0.793833   

          Item7     Item8     Item9  
User0  0.864833  0.648500  0.291833  
User1  0.772000  0.520667  0.597833  
User2       NaN  0.607500  0.946833  
User3  0.151167  0.012333       NaN  
User4  0.156333  0.696000  0.144000  
[[0 2]
 [0 3]
 [0 6]
 [2 0]
 [2 6]
 [2 7]
 [3 0]
 [3 1]
 [3 5]
 [3 9]
 [4 1]
 [4 3]]
[]
[[0 2]
 [0 3]
 [0 6]
 [2 0]
 [2 6]
 [2 7]
 [3 0]
 [3 1]
 [3 5]
 [3 9]
 [4 1]
 [4 3]]
[4 1]
       u  v    sim
Sim40  4  0 -0.172
Sim41  4  1 -0.296
Sim42  4  2 -0.635
Sim43  4  3  0.445
Empty DataFrame
Columns: [u, v, sim]
Index: []
